10,215
10,265
10,229
10,123
10,143
10,155
11,29
11,19
11,9
11,21
11,27
11,2
11,3
9,2
9,3
8,14
8,10
8,13
8,9
8,7
8,11
12,2
12,1
12,3
20,2
20,1
20,3
185,4
185,3
185,2
185,1
185,0
181,4
181,3
19,2
181,2
19,1
181,1
181,0
178,4
178,3
19,3
178,2
178,1
178,0
175,3
175,2
175,1
175,0
174,3
174,2
174,1
174,0
173,5
173,4
173,3
173,2
173,1
173,0
171,3
171,2
171,1
171,0
170,4
170,3
170,2
170,1
170,0
169,5
169,4
169,3
169,2
169,1
169,0
168,3
168,2
168,1
168,0
11,25
18,1
11,17
11,1
18,3
11,5
14,1
10,311
10,209
14,3
13,1
10,125
10,99
13,3
10,95
10,1
10,17
10,3
10,2
9,7
9,1
9,5
8,18
8,16
2,2
2,1
8,15
8,1
8,4
8,3
2,3
8,2
3,3
3,2
3,1
